1767144121525 1.9852911237288604 5
1767144570206 1.8515535413541577 6
1767145053610 1.7555671879513697 7
1767145511768 1.7087459621781653 8
1767145926281 1.664863475005735 9
1767146330932 1.620798421176997 10
1767146679617 1.6082637367600745 11
1767147036622 1.5849296674132347 12
1767147375061 1.5866354131563143 13
1767147710377 1.5530572306703438 14
1767148044553 1.5533533011647789 15
1767148379671 1.5449385002932765 16
1767148714952 1.5303683443502947 17
1767149049429 1.5046782016076825 18
1767149384567 1.5233448520302773 19
