1767144121525 31.987622061927592 5
1767144570206 38.753359580428736 6
1767145053610 43.91356968290951 7
1767145511768 46.37292905519623 8
1767145926281 48.849934100175496 9
1767146330932 50.920283203584574 10
1767146679617 51.40868999904123 11
1767147036622 52.34247658017341 12
1767147375061 52.590689277613144 13
1767147710377 54.047606399497774 14
1767148044553 54.00623176686712 15
1767148379671 54.77124544627125 16
1767148714952 54.896638647531965 17
1767149049429 56.09414012710369 18
1767149384567 55.647724211648715 19
