1765846907676 0.001 1
1765846907679 0.0009972609476841367 2
1765846907681 0.0009890738003669028 3
1765846907683 0.0009755282581475768 4
1765846907684 0.0009567727288213003 5
1765846907686 0.0009330127018922195 6
1765846907689 0.0009045084971874739 7
1765846907691 0.0008715724127386972 8
1765846907692 0.0008345653031794292 9
1765846907694 0.0007938926261462366 10
1765846907696 0.00075 11
1765846907699 0.0007033683215379003 12
1765846907700 0.0006545084971874739 13
1765846907703 0.0006039558454088797 14
1765846907705 0.0005522642316338269 15
1765846907708 0.0005000000000000002 16
1765846907710 0.0004477357683661734 17
1765846907712 0.00039604415459112036 18
1765846907714 0.0003454915028125264 19
1765846907716 0.0002966316784621 20
1765846907718 0.00025000000000000017 21
1765846907720 0.00020610737385376354 22
1765846907722 0.00016543469682057108 23
1765846907724 0.00012842758726130298 24
1765846907727 9.549150281252637e-05 25
1765846907728 6.698729810778068e-05 26
1765846907730 4.322727117869953e-05 27
1765846907733 2.447174185242324e-05 28
1765846907734 1.092619963309716e-05 29
1765846907737 2.7390523158633003e-06 30
