1765846907676 60.78888888888889 1
1765846907679 71.15777777777778 2
1765846907681 74.79555555555555 3
1765846907683 76.46 4
1765846907684 78.1288888888889 5
1765846907686 78.98222222222222 6
1765846907689 80.5911111111111 7
1765846907691 81.56888888888889 8
1765846907692 82.54888888888888 9
1765846907694 83.30444444444444 10
1765846907696 84.32444444444444 11
1765846907699 84.60666666666667 12
1765846907700 85.36 13
1765846907703 86.24222222222222 14
1765846907705 86.8 15
1765846907708 87.72444444444444 16
1765846907710 87.94222222222223 17
1765846907712 88.72666666666667 18
1765846907714 89.25333333333333 19
1765846907716 89.77333333333333 20
1765846907718 90.72888888888889 21
1765846907720 90.96666666666667 22
1765846907722 91.56666666666666 23
1765846907724 91.88 24
1765846907727 92.34666666666666 25
1765846907728 92.42 26
1765846907730 92.7688888888889 27
1765846907733 93.09333333333333 28
1765846907734 93.05111111111111 29
1765846907737 93.2088888888889 30
