1765846907676 1.1407827198166738 1
1765846907679 0.8499618860130961 2
1765846907681 0.7331968639045954 3
1765846907683 0.6876918184994296 4
1765846907684 0.6353861790319736 5
1765846907686 0.6132838484746489 6
1765846907689 0.568251583471217 7
1765846907691 0.53979469133033 8
1765846907692 0.5088962129401889 9
1765846907694 0.4858484973453663 10
1765846907696 0.45713613770732825 11
1765846907699 0.44762404347685253 12
1765846907700 0.4240405120124871 13
1765846907703 0.40040730384432455 14
1765846907705 0.3821495334956456 15
1765846907708 0.3572637039575387 16
1765846907710 0.344641306691549 17
1765846907712 0.32438623888248747 18
1765846907714 0.30887887707318773 19
1765846907716 0.29067228734493256 20
1765846907718 0.26815579188140953 21
1765846907720 0.2598703439051116 22
1765846907722 0.24265592215074736 23
1765846907724 0.22874165341173383 24
1765846907727 0.22279929314655336 25
1765846907728 0.21597859951328824 26
1765846907730 0.2061140017414635 27
1765846907733 0.1999896862120791 28
1765846907734 0.19716450813311068 29
1765846907737 0.19676177413202822 30
