1765846907586 1.1021313028743183 1
1765846907589 1.0178350271069376 2
1765846907591 0.9572996737280306 3
1765846907593 0.876623722219199 4
1765846907595 0.8504507143822275 5
1765846907597 0.74256565145833 6
1765846907598 0.7249670143857607 7
1765846907600 0.7166375709472312 8
1765846907601 0.6714681653764195 9
1765846907604 0.6664979554702366 10
1765846907605 0.5922614257331084 11
1765846907608 0.6089411484446299 12
1765846907609 0.5707281578234421 13
1765846907612 0.5366498575055424 14
1765846907613 0.5477751050174776 15
1765846907614 0.5094461082605788 16
1765846907616 0.4890471457920089 17
1765846907618 0.4904529921160897 18
1765846907620 0.45947160877495735 19
1765846907622 0.46664366093806114 20
1765846907624 0.4630403416759198 21
1765846907626 0.4670116529772705 22
1765846907628 0.4323011588603841 23
1765846907630 0.3965371182192141 24
1765846907631 0.4202072961584272 25
1765846907633 0.39538334399149927 26
1765846907634 0.4283858674157998 27
1765846907637 0.3661564243744485 28
