1765846907586 60.84753531233951 1
1765846907589 64.25512650485214 2
1765846907591 66.87308591957022 3
1765846907593 69.72917525486405 4
1765846907595 70.76455208418658 5
1765846907597 74.51690462019597 6
1765846907598 74.93291507579549 7
1765846907600 76.66129585630061 8
1765846907601 77.45948331240315 9
1765846907604 79.82525517891503 10
1765846907605 79.9095347052144 11
1765846907608 81.99503795838235 12
1765846907609 82.54514322291996 13
1765846907612 83.80623136528081 14
1765846907613 84.80353556538446 15
1765846907614 84.50719970726838 16
1765846907616 86.66299210301959 17
1765846907618 84.99199713501667 18
1765846907620 86.07865725831638 19
1765846907622 86.04265367090152 20
1765846907624 86.6842306749719 21
1765846907626 87.3930553262366 22
1765846907628 87.08346512634041 23
1765846907630 87.44009866209674 24
1765846907631 87.3821236502312 25
1765846907633 87.1152376705785 26
1765846907634 88.22693221381387 27
1765846907637 89.48961753297002 28
