1765846907359 55.2476926309343 1
1765846907362 60.2766362867671 2
1765846907363 64.24487697005867 3
1765846907366 67.79768626875023 4
1765846907368 69.96705336559258 5
1765846907370 71.94823312302134 6
1765846907371 73.83948829903824 7
1765846907374 75.31102313356263 8
1765846907375 75.76399078887741 9
1765846907378 77.44816309879417 10
1765846907380 79.26278474588881 11
1765846907382 77.86027001896747 12
1765846907384 78.50698052294058 13
1765846907386 79.26654099868506 14
1765846907388 79.86316411126566 15
