1765846907359 1.3195655451597723 1
1765846907362 1.183876013815944 2
1765846907363 1.051373606765851 3
1765846907366 0.9987506680568893 4
1765846907368 0.9074183718598262 5
1765846907370 0.811460948695694 6
1765846907371 0.7709356123916244 7
1765846907374 0.7593602282479093 8
1765846907375 0.7578652890280276 9
1765846907378 0.685668178631873 10
1765846907380 0.7024954493757302 11
1765846907382 0.695157028738746 12
1765846907384 0.6662539164768706 13
1765846907386 0.6110380430956787 14
1765846907388 0.6447707969288946 15
