1765846907504 1.159679426226864 1
1765846907506 1.083239032326166 2
1765846907508 1.0255685547318922 3
1765846907509 0.9152574515853241 4
1765846907512 0.8658043972403613 5
1765846907514 0.7837243772468538 6
1765846907516 0.7867159202460982 7
1765846907518 0.7065158350781293 8
1765846907520 0.6777765661782998 9
1765846907522 0.6661123196059995 10
1765846907523 0.6769238942888448 11
1765846907524 0.5977412199745291 12
1765846907527 0.6013310284095568 13
1765846907529 0.561647462174687 14
1765846907531 0.5173674082727692 15
1765846907532 0.5405835001916207 16
1765846907534 0.4959789335132102 17
1765846907536 0.5093670185308278 18
1765846907538 0.5077245852855228 19
1765846907539 0.5119916546453042 20
1765846907542 0.48364218073101584 21
1765846907543 0.5334463483402171 22
1765846907544 0.4491499763000612 23
1765846907547 0.4221788523728458 24
1765846907549 0.47379685555039813 25
