1765846907504 60.143115639808435 1
1765846907506 63.682022917439596 2
1765846907508 67.199600953178 3
1765846907509 68.51977449956249 4
1765846907512 70.34522408436209 5
1765846907514 72.91961733829554 6
1765846907516 75.48561672537564 7
1765846907518 76.65493268749809 8
1765846907520 77.61268935593121 9
1765846907522 77.98578669562622 10
1765846907523 80.12670569961986 11
1765846907524 81.53034824710774 12
1765846907527 82.00313753107845 13
1765846907529 82.00350983898224 14
1765846907531 83.46514671994451 15
1765846907532 84.37820747232396 16
1765846907534 84.88410023927106 17
1765846907536 84.510421543563 18
1765846907538 84.96653115547662 19
1765846907539 85.23202403190368 20
1765846907542 85.66471732856141 21
1765846907543 85.68570731008552 22
1765846907544 86.87345585632507 23
1765846907547 86.1738789365879 24
1765846907549 86.97173023797792 25
