1765846907423 1.2159524620150672 1
1765846907426 1.069950149391616 2
1765846907428 1.049504932880616 3
1765846907430 0.9144824407202319 4
1765846907432 0.9004703010275039 5
1765846907433 0.7598529328047668 6
1765846907434 0.7657853133978346 7
1765846907437 0.7204379537318611 8
1765846907438 0.7077923507803532 9
1765846907440 0.6692870286033206 10
1765846907442 0.6816100726955673 11
1765846907444 0.6217382709658518 12
1765846907445 0.6234017128350812 13
1765846907447 0.6347408743214304 14
1765846907449 0.5695484248487918 15
1765846907452 0.5621619371215313 16
1765846907454 0.5761459742443119 17
1765846907456 0.5693441166037206 18
1765846907459 0.5213040188869023 19
1765846907461 0.5222951664117065 20
