1765846907423 57.932421573354226 1
1765846907426 62.087112613821105 2
1765846907428 65.27196884356265 3
1765846907430 67.76631320042344 4
1765846907432 71.15186993989327 5
1765846907433 72.7277315327921 6
1765846907434 74.47877636150591 7
1765846907437 76.14258230788815 8
1765846907438 77.31656743208734 9
1765846907440 79.13755245291536 10
1765846907442 79.19161841376084 11
1765846907444 80.2002814574117 12
1765846907445 80.98906689665858 13
1765846907447 81.68793892490564 14
1765846907449 81.84995448775567 15
1765846907452 82.23419600906603 16
1765846907454 82.05780465998474 17
1765846907456 81.82546710650759 18
1765846907459 84.06496482136524 19
1765846907461 84.06206617745394 20
